sample=40000
totalSwaps=4
successfullSwaps=1
successfullSwaps0=0
deltaTemperature=0.05
lastSwaps=[false, false, false, true]
beta_chain.0=1.0
beta_chain.1=0.9090909090909091
beta_chain.2=0.9523809523809523
beta_chain.3=0.8695652173913044
