sample=90000
totalSwaps=9
successfullSwaps=2
successfullSwaps0=1
deltaTemperature=0.05
lastSwaps=[false, true, false, false, false, false, false, true, false]
beta_chain.0=0.9090909090909091
beta_chain.1=0.8695652173913044
beta_chain.2=1.0
beta_chain.3=0.9523809523809523
